-1.4824e-13,1.3736e-13
-1.545e-15,7.742e-13
-1.4574e-13,1.3771e-13
-4.0407e-15,7.7373e-13
-1.4282e-13,1.3812e-13
-7.1493e-15,7.7314e-13
-1.3909e-13,1.386e-13
-1.1446e-14,7.7237e-13
-1.3377e-13,1.3916e-13
-1.8608e-14,7.7143e-13
-1.305e-13,1.3719e-13
-8.0456e-14,7.7667e-13
-9.4948e-14,4.2975e-13
-6.6238e-13,-2.0284e-13
1.0913e-12,3.1567e-12
-4.3025e-13,-3.8321e-12
-5.3174e-14,2.5998e-12
-3.6139e-13,6.3076e-13
-9.5453e-14,1.2481e-13
1.7522e-13,7.7236e-13
-2.4732e-13,9.9318e-14
1.8396e-14,7.7462e-13
-1.7199e-13,1.3344e-13
1.7421e-14,7.7697e-13
-1.6512e-13,1.3477e-13
1.2691e-14,7.7639e-13
-1.6093e-13,1.3547e-13
9.4362e-15,7.7597e-13
-1.5776e-13,1.3596e-13
6.8971e-15,7.7561e-13
-1.5513e-13,1.3636e-13
4.7103e-15,7.7527e-13
-1.5277e-13,1.367e-13
2.6706e-15,7.7494e-13
-1.5053e-13,1.3703e-13
6.3202e-16,7.7458e-13
-1.405e-15,7.7426e-13
-1.4556e-13,1.3791e-13
-4.4583e-15,7.7368e-13
-1.42e-13,1.3848e-13
-8.0967e-15,7.7297e-13
-1.3765e-13,1.3916e-13
-1.2858e-14,7.7204e-13
-1.3178e-13,1.4001e-13
-1.9874e-14,7.7079e-13
-1.223e-13,1.411e-13
-2.6485e-14,7.7169e-13
-5.5517e-14,1.3636e-13
-7.2427e-14,4.7573e-13
5.3614e-13,1.1192e-12
-1.2567e-12,-2.2475e-12
2.7839e-13,4.7382e-12
-7.577e-14,-1.6872e-12
1.9228e-13,2.772e-13
-4.3149e-14,7.8867e-13
-3.3882e-13,1.3543e-13
1.0732e-13,8.1417e-13
-1.7698e-13,1.3463e-13
2.7265e-14,7.7921e-13
-1.7311e-13,1.3334e-13
1.8709e-14,7.7775e-13
-1.6648e-13,1.3453e-13
1.3633e-14,7.7696e-13
-1.6175e-13,1.3534e-13
9.8937e-15,7.7634e-13
-1.5797e-13,1.3594e-13
6.8113e-15,7.758e-13
-1.5471e-13,1.3645e-13
4.0395e-15,7.7529e-13
-1.5169e-13,1.3693e-13
1.3605e-15,7.7479e-13
-1.4871e-13,1.374e-13
-1.4603e-13,1.3799e-13
-4.3208e-15,7.7378e-13
-1.4183e-13,1.3872e-13
-8.4839e-15,7.7296e-13
-1.3688e-13,1.3957e-13
-1.3662e-14,7.7193e-13
-1.3053e-13,1.4063e-13
-2.0839e-14,7.7052e-13
-1.2142e-13,1.4199e-13
-3.2729e-14,7.6853e-13
-1.114e-13,1.4138e-13
-1.0535e-13,7.7178e-13
-5.5115e-14,4.4007e-13
-7.0869e-13,-2.1543e-13
1.125e-12,3.1583e-12
-4.2531e-13,-3.8234e-12
-9.6847e-14,2.5945e-12
-3.2266e-13,6.3543e-13
-1.2074e-13,1.1856e-13
2.0134e-13,7.7829e-13
-2.706e-13,9.4155e-14
3.3744e-14,7.7863e-13
-1.8529e-13,1.3096e-13
2.7223e-14,7.7968e-13
-1.742e-13,1.3324e-13
1.9424e-14,7.7836e-13
-1.6722e-13,1.3448e-13
1.4039e-14,7.7738e-13
-1.6194e-13,1.3536e-13
9.8108e-15,7.7656e-13
-1.5755e-13,1.3607e-13
6.1528e-15,7.7584e-13
-1.5362e-13,1.3671e-13
2.7345e-15,7.7516e-13
-1.4987e-13,1.3733e-13
-6.8066e-16,7.7449e-13
-3.6153e-15,7.7403e-13
-1.4227e-13,1.3882e-13
-8.3563e-15,7.731e-13
-1.367e-13,1.3985e-13
-1.3988e-14,7.7199e-13
-1.2986e-13,1.411e-13
-2.1343e-14,7.7052e-13
-1.2059e-13,1.4269e-13
-3.2237e-14,7.6844e-13
-1.0575e-13,1.4488e-13
-4.6068e-14,7.6773e-13
-2.7251e-14,1.4213e-13
-1.149e-13,4.6478e-13
5.8703e-13,1.1329e-12
-1.2923e-12,-2.2486e-12
2.7272e-13,4.7278e-12
-2.9004e-14,-1.6808e-12
1.4914e-13,2.7243e-13
-1.7163e-14,7.9575e-13
-3.6897e-13,1.2976e-13
1.3114e-13,8.2034e-13
-1.9531e-13,1.3127e-13
4.0312e-14,7.8278e-13
-1.851e-13,1.3143e-13
2.749e-14,7.8032e-13
-1.7477e-13,1.3333e-13
1.9721e-14,7.7882e-13
-1.6739e-13,1.3459e-13
1.3959e-14,7.7765e-13
-1.6152e-13,1.3553e-13
9.179e-15,7.7664e-13
-1.5647e-13,1.3635e-13
4.8643e-15,7.7574e-13
-1.518e-13,1.3713e-13
6.8964e-16,7.7488e-13
-1.4717e-13,1.3794e-13
-1.4338e-13,1.388e-13
-7.6996e-15,7.7337e-13
-1.3711e-13,1.4e-13
-1.3884e-14,7.7217e-13
-1.297e-13,1.4144e-13
-2.1545e-14,7.7068e-13
-1.2013e-13,1.4324e-13
-3.2139e-14,7.6859e-13
-1.0632e-13,1.4562e-13
-4.9633e-14,7.6538e-13
-8.7992e-14,1.4669e-13
-1.3518e-13,7.6614e-13
-6.2781e-15,4.5286e-13
-7.6392e-13,-2.3012e-13
1.1642e-12,3.159e-12
-4.1896e-13,-3.8105e-12
-1.4957e-13,2.5868e-12
-2.7628e-13,6.4094e-13
-1.514e-13,1.1139e-13
2.3279e-13,7.8526e-13
-2.9947e-13,8.8697e-14
5.2054e-14,7.8356e-13
-2.0174e-13,1.2848e-13
3.896e-14,7.8311e-13
-1.8533e-13,1.3176e-13
2.7558e-14,7.8085e-13
-1.7488e-13,1.3355e-13
1.9646e-14,7.7915e-13
-1.6699e-13,1.348e-13
1.3384e-14,7.7776e-13
-1.6047e-13,1.3583e-13
7.9343e-15,7.7656e-13
-1.5465e-13,1.3678e-13
2.8286e-15,7.7547e-13
-1.4908e-13,1.3775e-13
-2.2726e-15,7.7443e-13
-6.437e-15,7.7378e-13
-1.3814e-13,1.4e-13
-1.3336e-14,7.7246e-13
-1.3003e-13,1.4164e-13
-2.1494e-14,7.7093e-13
-1.2001e-13,1.4367e-13
-3.2089e-14,7.689e-13
-1.0633e-13,1.4631e-13
-4.7761e-14,7.6588e-13
-8.4494e-14,1.5001e-13
-7.052e-14,7.6322e-13
9.0739e-15,1.4984e-13
-1.6857e-13,4.511e-13
6.513e-13,1.1499e-12
-1.3349e-12,-2.2481e-12
2.6496e-13,4.7116e-12
2.9445e-14,-1.6709e-12
9.393e-14,2.6687e-13
1.4343e-14,8.0483e-13
-4.0832e-13,1.236e-13
1.609e-13,8.2808e-13
-2.1916e-13,1.2785e-13
5.6593e-14,7.8754e-13
-2.0054e-13,1.2958e-13
3.8577e-14,7.8374e-13
-1.8532e-13,1.3217e-13
2.749e-14,7.8127e-13
-1.7452e-13,1.3383e-13
1.9185e-14,7.7933e-13
-1.66e-13,1.3512e-13
1.224e-14,7.7772e-13
-1.5869e-13,1.3626e-13
5.9443e-15,7.7632e-13
-1.5193e-13,1.374e-13
-1.5425e-16,7.7503e-13
-1.4524e-13,1.3862e-13
-1.3989e-13,1.3985e-13
-1.2262e-14,7.7287e-13
-1.3089e-13,1.4169e-13
-2.1175e-14,7.7124e-13
-1.2019e-13,1.4396e-13
-3.2147e-14,7.6925e-13
-1.0628e-13,1.4688e-13
-4.7212e-14,7.6645e-13
-8.5998e-14,1.5083e-13
-7.1918e-14,7.6184e-13
-5.6162e-14,1.5435e-13
-1.7428e-13,7.5931e-13
6.036e-14,4.7075e-13
-8.3593e-13,-2.4862e-13
1.2139e-12,3.1576e-12
-4.0965e-13,-3.789e-12
-2.2e-13,2.5741e-12
-2.1542e-13,6.4815e-13
-1.9264e-13,1.0257e-13
2.74e-13,7.9456e-13
-3.3927e-13,8.3018e-14
7.5993e-14,7.905e-13
-2.2414e-13,1.2613e-13
5.4543e-14,7.8797e-13
-2.0028e-13,1.3033e-13
3.8512e-14,7.8429e-13
-1.8505e-13,1.3256e-13
2.7259e-14,7.8153e-13
-1.7368e-13,1.3416e-13
1.8259e-14,7.7934e-13
-1.6433e-13,1.3553e-13
1.0379e-14,7.775e-13
-1.5601e-13,1.3687e-13
2.9801e-15,7.7588e-13
-1.4805e-13,1.3827e-13
-4.4122e-15,7.7437e-13
-1.0494e-14,7.7344e-13
-1.3235e-13,1.4156e-13
-2.0516e-14,7.7162e-13
-1.2068e-13,1.4408e-13
-3.231e-14,7.6958e-13
-1.0614e-13,1.4731e-13
-4.7508e-14,7.6695e-13
-8.6098e-14,1.5168e-13
-6.9787e-14,7.6297e-13
-5.3911e-14,1.5798e-13
-1.0464e-13,7.5798e-13
6.1946e-14,1.6199e-13
-2.4398e-13,4.3242e-13
7.4315e-13,1.1741e-12
-1.3894e-12,-2.2434e-12
2.5277e-13,4.6825e-12
1.1078e-13,-1.6526e-12
1.3259e-14,2.6034e-13
5.5095e-14,8.1872e-13
-4.6682e-13,1.1735e-13
2.0212e-13,8.3947e-13
-2.5398e-13,1.2477e-13
7.9518e-14,7.9481e-13
-2.2261e-13,1.2785e-13
5.45e-14,7.8875e-13
-2.0021e-13,1.3089e-13
3.8754e-14,7.8471e-13
-1.8454e-13,1.3288e-13
2.6792e-14,7.8164e-13
-1.7228e-13,1.3452e-13
1.6709e-14,7.7917e-13
-1.618e-13,1.3607e-13
7.5403e-15,7.7708e-13
-1.5213e-13,1.3769e-13
-1.3465e-15,7.7522e-13
-1.4255e-13,1.3948e-13
-1.3462e-13,1.4119e-13
-1.9356e-14,7.7213e-13
-1.215e-13,1.44e-13
-3.255e-14,7.6988e-13
-1.0581e-13,1.4757e-13
-4.8707e-14,7.6725e-13
-8.5257e-14,1.5238e-13
-7.0658e-14,7.637e-13
-5.4864e-14,1.5928e-13
-1.0604e-13,7.5772e-13
-6.3566e-15,1.6766e-13
-2.3268e-13,7.5096e-13
1.667e-13,5.0128e-13
-9.4142e-13,-2.7395e-13
1.2845e-12,3.1506e-12
-3.9247e-13,-3.7453e-12
-3.2922e-13,2.5488e-12
-1.2514e-13,6.5917e-13
-2.572e-13,9.1348e-14
3.3443e-13,8.101e-13
-4.0269e-13,7.8494e-14
1.1217e-13,8.0223e-13
-2.5877e-13,1.2424e-13
7.8823e-14,7.9567e-13
-2.23e-13,1.2869e-13
5.5767e-14,7.8943e-13
-2.0046e-13,1.3114e-13
3.9283e-14,7.8498e-13
-1.8381e-13,1.3309e-13
2.5967e-14,7.8158e-13
-1.7019e-13,1.3492e-13
1.4266e-14,7.7882e-13
-1.5809e-13,1.368e-13
3.2711e-15,7.7644e-13
-1.4652e-13,1.3885e-13
-7.7083e-15,7.7426e-13
-1.7534e-14,7.7313e-13
-1.2259e-13,1.4339e-13
-3.2991e-14,7.7048e-13
-1.0493e-13,1.4736e-13
-5.1153e-14,7.6759e-13
-8.2857e-14,1.5265e-13
-7.4425e-14,7.6409e-13
-5.2125e-14,1.6027e-13
-1.0809e-13,7.5911e-13
-1.9324e-15,1.7228e-13
-1.6251e-13,7.5197e-13
1.5476e-13,1.8676e-13
-3.6886e-13,4.0462e-13
9.0502e-13,1.2181e-12
-1.4587e-12,-2.2212e-12
2.2829e-13,4.616e-12
2.4301e-13,-1.6056e-12
-1.3561e-13,2.5655e-13
1.0662e-13,8.4933e-13
-5.7348e-13,1.1591e-13
2.6991e-13,8.6117e-13
-3.1347e-13,1.233e-13
1.1921e-13,8.0774e-13
-2.594e-13,1.2562e-13
8.238e-14,7.9705e-13
-2.2496e-13,1.2846e-13
5.8438e-14,7.9029e-13
-2.0124e-13,1.3073e-13
4.0031e-14,7.8543e-13
-1.8277e-13,1.329e-13
2.4458e-14,7.8166e-13
-1.67e-13,1.3512e-13
1.0296e-14,7.7854e-13
-1.5244e-13,1.3752e-13
-3.4213e-15,7.7576e-13
-1.3798e-13,1.4021e-13
-1.2619e-13,1.4505e-13
-3.17e-14,7.6859e-13
-1.0498e-13,1.496e-13
-5.3566e-14,7.6504e-13
-7.9638e-14,1.5553e-13
-8.0351e-14,7.6101e-13
-4.6304e-14,1.6396e-13
-1.1658e-13,7.5596e-13
3.5805e-15,1.7726e-13
-1.7376e-13,7.4843e-13
8.9862e-14,1.9924e-13
-3.4477e-13,7.3851e-13
3.8889e-13,5.8116e-13
-1.1205e-12,-3.1015e-13
1.3979e-12,3.1186e-12
-3.4041e-13,-3.6098e-12
-5.5207e-13,2.4777e-12
3.7435e-14,6.7736e-13
-3.9236e-13,8.606e-14
4.4273e-13,8.484e-13
-5.2987e-13,8.5311e-14
1.8716e-13,8.2313e-13
-3.2649e-13,1.2457e-13
1.3038e-13,8.068e-13
-2.6831e-13,1.2739e-13
9.2695e-14,7.9589e-13
-2.3205e-13,1.2987e-13
6.5423e-14,7.8865e-13
-2.0537e-13,1.3244e-13
4.3327e-14,7.8332e-13
-1.8352e-13,1.3516e-13
2.3934e-14,7.7905e-13
-1.6406e-13,1.3809e-13
5.7376e-15,7.7537e-13
-1.4539e-13,1.4132e-13
-1.2422e-14,7.7196e-13
-4.2433e-14,7.8038e-13
-9.0572e-14,1.3841e-13
-7.2873e-14,7.7532e-13
-5.6783e-14,1.4575e-13
-1.0886e-13,7.6957e-13
-1.4532e-14,1.559e-13
-1.5528e-13,7.625e-13
4.4435e-14,1.716e-13
-2.2267e-13,7.5288e-13
1.4166e-13,2.0019e-13
-3.3547e-13,7.4013e-13
4.1223e-13,2.6155e-13
-7.1073e-13,3.5258e-13
1.4501e-12,1.4385e-12
-1.2661e-12,-1.9893e-12
5.8242e-14,4.318e-12
4.9591e-13,-1.1929e-12
-6.8193e-13,4.3628e-13
-4.2153e-14,1.0386e-12
-8.6379e-13,1.8362e-13
4.4799e-13,9.1228e-13
-4.5392e-13,1.1899e-13
2.2378e-13,8.3764e-13
-3.4717e-13,1.1222e-13
1.5308e-13,8.1973e-13
-2.836e-13,1.1364e-13
1.0629e-13,8.0887e-13
-2.3957e-13,1.1643e-13
7.0225e-14,8.0117e-13
-2.0501e-13,1.1983e-13
3.9747e-14,7.9513e-13
-1.7525e-13,1.2363e-13
1.2061e-14,7.8995e-13
-1.4758e-13,1.2785e-13
-1.4765e-14,7.8515e-13
-1.2e-13,1.3266e-13
5.0063e-14,-3.4747e-13
-2.2004e-13,1.26e-12
9.5719e-14,-3.3862e-13
-2.6838e-13,1.2527e-12
1.499e-13,-3.2777e-13
-3.2771e-13,1.245e-12
2.2053e-13,-3.131e-13
-4.0822e-13,1.237e-12
3.2529e-13,-2.9051e-13
-5.3536e-13,1.2309e-12
5.1269e-13,-2.4819e-13
-8.5094e-13,1.262e-12
1.2536e-12,3.228e-13
-1.2112e-12,1.1027e-12
-2.5961e-11,-2.254e-11
6.9406e-12,2.5017e-11
3.5745e-11,-1.7609e-11
-3.9717e-11,5.0056e-12
-1.7559e-11,2.7603e-11
6.561e-13,1.579e-12
-7.3909e-13,-4.3448e-13
2.9157e-13,1.3898e-12
-3.8052e-13,-4.0407e-13
1.4671e-13,1.3452e-12
-2.5697e-13,-3.9412e-13
5.9275e-14,1.3199e-12
-1.7908e-13,-3.8534e-13
-3.2226e-15,1.3037e-12
-1.2154e-13,-3.7731e-13
-5.324e-14,1.292e-12
-7.4232e-14,-3.6981e-13
-9.6699e-14,1.2827e-12
-3.1991e-14,-3.6258e-13
-1.3719e-13,1.2746e-12
8.5155e-15,-3.5527e-13
-1.7742e-13,1.2672e-12
-3.5498e-13,-1.9692e-12
2.2953e-13,2.8875e-12
-4.0152e-13,-1.9708e-12
2.7977e-13,2.8903e-12
-4.5534e-13,-1.9691e-12
3.4079e-13,2.8915e-12
-5.2307e-13,-1.9608e-12
4.2305e-13,2.889e-12
-6.1832e-13,-1.9353e-12
5.5226e-13,2.8734e-12
-7.7293e-13,-1.8416e-12
8.644e-13,2.768e-12
-1.2376e-12,-1.2131e-12
-4.844e-11,6.426e-11
2.1474e-10,1.3023e-10
3.2516e-11,2.1699e-10
-2.5335e-10,1.5344e-10
8.1129e-11,1.9018e-11
-3.5614e-11,4.6821e-11
-1.157e-12,2.3953e-12
6.5108e-13,-1.6517e-12
-4.2793e-13,2.7589e-12
1.2494e-13,-1.8246e-12
-2.0349e-13,2.8166e-12
-1.9996e-14,-1.8889e-12
-8.6005e-14,2.8404e-12
-1.0781e-13,-1.9211e-12
-9.3127e-15,2.855e-12
-1.7167e-13,-1.9396e-12
4.8758e-14,2.8651e-12
-2.2339e-13,-1.9515e-12
9.7426e-14,2.8728e-12
-2.6886e-13,-1.9598e-12
1.4161e-13,2.8788e-12
-3.1176e-13,-1.9655e-12
1.8466e-13,2.8836e-12
5.1819e-14,6.3073e-12
-2.0105e-13,-5.3884e-12
5.3637e-14,6.3034e-12
-2.0263e-13,-5.3793e-12
5.5835e-14,6.2945e-12
-2.0434e-13,-5.3605e-12
5.8899e-14,6.2764e-12
-2.0603e-13,-5.3204e-12
6.4207e-14,6.2366e-12
-2.0689e-13,-5.2201e-12
7.2142e-14,6.1171e-12
-2.4603e-13,-4.8329e-12
2.6274e-13,5.3009e-12
1.0544e-11,-2.4167e-12
1.2363e-10,8.7959e-10
2.6997e-11,-2.3562e-09
-5.6828e-11,5.0338e-10
-2.8003e-11,6.4523e-11
-2.6626e-11,4.059e-11
-3.0563e-11,3.8771e-11
-1.6924e-13,5.1079e-12
-2.058e-13,-4.962e-12
1.7291e-14,6.131e-12
-1.8932e-13,-5.235e-12
3.5032e-14,6.2324e-12
-1.9091e-13,-5.3198e-12
4.1027e-14,6.2702e-12
-1.9303e-13,-5.3568e-12
4.4309e-14,6.2891e-12
-1.9491e-13,-5.3759e-12
4.6602e-14,6.2997e-12
-1.9657e-13,-5.3861e-12
4.8463e-14,6.3054e-12
-1.9809e-13,-5.391e-12
5.0147e-14,6.3079e-12
-1.9956e-13,-5.3918e-12
-2.2031e-13,-1.0936e-12
5.1907e-14,2.0121e-12
-1.7977e-13,-1.0948e-12
8.905e-15,2.015e-12
-1.331e-13,-1.0928e-12
-4.2585e-14,2.0169e-12
-7.444e-14,-1.0842e-12
-1.1039e-13,2.0167e-12
8.5809e-15,-1.0577e-12
-2.1057e-13,2.0096e-12
1.568e-13,-9.5678e-13
-2.7184e-13,1.9074e-12
-5.0815e-11,-1.9897e-11
6.8914e-11,3.8279e-10
-9.2018e-11,9.7248e-11
2.6945e-11,-8.8875e-10
1.2325e-10,6.4431e-12
1.1214e-12,-3.6592e-11
3.3345e-11,-1.8253e-10
-5.8312e-11,1.0273e-10
-1.2437e-12,-7.5833e-14
6.5125e-13,1.8998e-12
-6.8456e-13,-9.1575e-13
4.3873e-13,1.9453e-12
-5.2968e-13,-1.0106e-12
3.321e-13,1.9681e-12
-4.4381e-13,-1.0467e-12
2.6271e-13,1.9819e-12
-3.8411e-13,-1.0656e-12
2.1059e-13,1.9914e-12
-3.3698e-13,-1.0772e-12
1.673e-13,1.9985e-12
-2.9623e-13,-1.085e-12
1.2835e-13,2.004e-12
-2.5824e-13,-1.0903e-12
9.0743e-14,2.0084e-12
5.4387e-13,-5.5067e-13
-6.8055e-13,1.466e-12
5.1857e-13,-5.4586e-13
-6.5369e-13,1.4634e-12
4.8886e-13,-5.3916e-13
-6.2088e-13,1.4617e-12
4.5043e-13,-5.2854e-13
-5.761e-13,1.4624e-12
3.9347e-13,-5.0785e-13
-5.0301e-13,1.4739e-12
2.8185e-13,-4.495e-13
-3.3856e-13,1.6285e-12
2.4532e-12,1.8752e-11
-2.8533e-11,2.56e-10
3.377e-10,7.0518e-12
1.8635e-10,-2.5254e-10
4.3482e-11,-1.4719e-10
-5.1612e-11,6.8911e-12
5.0988e-11,-1.0659e-10
4.7033e-11,9.454e-11
1.0772e-12,2.2905e-13
-1.0356e-12,1.5289e-12
8.1352e-13,-5.0036e-13
-9.0842e-13,1.5039e-12
7.273e-13,-5.5017e-13
-8.4718e-13,1.4922e-12
6.7771e-13,-5.5961e-13
-8.0699e-13,1.485e-12
6.4267e-13,-5.6092e-13
-7.7641e-13,1.4797e-12
6.1469e-13,-5.5971e-13
-7.507e-13,1.4756e-12
5.9023e-13,-5.5741e-13
-7.273e-13,1.472e-12
5.6718e-13,-5.544e-13
-7.0445e-13,1.4689e-12
-7.5893e-13,-3.3129e-13
6.0241e-13,1.245e-12
-7.4385e-13,-3.2336e-13
5.8551e-13,1.2384e-12
-7.2584e-13,-3.1163e-13
5.6402e-13,1.2297e-12
-7.0234e-13,-2.9213e-13
5.3321e-13,1.2169e-12
-6.6759e-13,-2.5314e-13
4.7993e-13,1.1955e-12
-5.9844e-13,-1.3988e-13
3.6597e-13,1.1624e-12
-5.1172e-13,5.4807e-13
-5.7976e-11,1.6763e-10
-3.9931e-10,9.3314e-12
-3.8974e-11,1.9284e-10
1.6005e-11,-3.37e-10
-8.6917e-12,6.3194e-11
-1.3704e-11,2.78e-11
5.4839e-13,1.7225e-12
-8.1518e-13,-2.433e-13
7.9316e-13,1.3635e-12
-8.7479e-13,-3.2555e-13
7.2448e-13,1.2977e-12
-8.506e-13,-3.435e-13
6.9478e-13,1.2797e-12
-8.3007e-13,-3.4739e-13
6.7432e-13,1.2709e-12
-8.1334e-13,-3.4703e-13
6.5803e-13,1.2649e-12
-7.9888e-13,-3.4484e-13
6.4381e-13,1.26e-12
-7.8556e-13,-3.4149e-13
6.3043e-13,1.2553e-12
-7.7252e-13,-3.3708e-13
6.1695e-13,1.2505e-12
1.3397e-13,8.3878e-13
-2.6889e-13,8.3474e-14
1.0372e-13,8.28e-13
-2.3691e-13,9.7769e-14
6.7345e-14,8.1519e-13
-1.9733e-13,1.176e-13
1.9183e-14,7.9859e-13
-1.4325e-13,1.4904e-13
-5.3959e-14,7.7454e-13
-5.8414e-14,2.1019e-13
-2.0104e-13,7.3094e-13
7.5729e-14,3.8043e-13
-6.4596e-13,8.6111e-13
-7.1939e-14,7.6168e-13
4.7165e-11,5.5827e-11
-7.5739e-11,-8.0699e-12
-1.4305e-11,4.962e-11
3.1837e-11,3.5518e-11
4.9392e-13,1.3352e-12
-5.5296e-13,-3.3008e-14
4.9058e-13,1.0185e-12
-5.7455e-13,4.4006e-15
3.9981e-13,9.5104e-13
-4.94e-13,1.9106e-14
3.2688e-13,9.1411e-13
-4.4472e-13,2.7602e-14
2.7972e-13,8.9342e-13
-4.0721e-13,3.6297e-14
2.4414e-13,8.7921e-13
-3.7625e-13,4.4875e-14
2.1437e-13,8.6795e-13
-3.4882e-13,5.3451e-14
1.8739e-13,8.5803e-13
-3.2289e-13,6.2362e-14
1.6118e-13,8.4855e-13
-2.9681e-13,7.2112e-14
1.2465e-14,8.0562e-13
-1.7562e-13,1.0642e-13
4.0259e-14,8.1516e-13
-2.066e-13,9.8305e-14
7.3124e-14,8.2681e-13
-2.4545e-13,8.9478e-14
1.1542e-13,8.4256e-13
-2.9992e-13,7.9436e-14
1.7642e-13,8.6689e-13
-3.8976e-13,6.7455e-14
2.8861e-13,9.143e-13
-5.4907e-13,4.7978e-14
5.749e-13,7.6361e-13
-5.842e-13,9.4967e-13
-4.7987e-13,-1.746e-12
1.5851e-13,4.6242e-12
-9.6079e-13,-1.3551e-12
8.451e-13,6.3394e-13
-5.4113e-13,6.2696e-13
1.6114e-13,3.586e-13
-2.8182e-13,7.0072e-13
1.529e-13,2.503e-13
-2.2051e-13,7.2931e-13
5.2999e-14,1.9735e-13
-1.626e-13,7.4917e-13
-2.0355e-15,1.7049e-13
-1.218e-13,7.6203e-13
-4.0862e-14,1.5327e-13
-8.9655e-14,7.7217e-13
-7.1719e-14,1.408e-13
-6.2217e-14,7.8096e-13
-9.8528e-14,1.3084e-13
-3.7146e-14,7.8911e-13
-1.2361e-13,1.2222e-13
-1.2757e-14,7.9716e-13
-1.4873e-13,1.1424e-13
-1.8367e-13,1.278e-13
4.2757e-14,7.9058e-13
-2.0223e-13,1.2323e-13
6.1748e-14,7.9715e-13
-2.2455e-13,1.1847e-13
8.4994e-14,8.057e-13
-2.5417e-13,1.132e-13
1.1632e-13,8.1802e-13
-2.9908e-13,1.0667e-13
1.6502e-13,8.3807e-13
-3.8889e-13,9.3289e-14
2.2758e-13,8.7873e-13
-6.1833e-13,3.23e-13
-4.8545e-14,1.658e-14
5.151e-13,3.0346e-12
-4.7191e-13,-3.7304e-12
4.8801e-13,2.5818e-12
-8.4989e-13,5.5495e-13
2.2232e-13,2.6531e-13
-1.0887e-13,6.8039e-13
1.7967e-14,2.0925e-13
-1.5424e-13,7.2682e-13
-1.7404e-14,1.9126e-13
-9.46e-14,7.4977e-13
-6.2869e-14,1.7116e-13
-6.3628e-14,7.5898e-13
-9.2959e-14,1.5849e-13
-4.0761e-14,7.6533e-13
-1.1547e-13,1.4965e-13
-2.1979e-14,7.706e-13
-1.3409e-13,1.429e-13
-5.3564e-15,7.7543e-13
-1.5082e-13,1.3734e-13
1.0325e-14,7.8016e-13
-1.6697e-13,1.3242e-13
2.6035e-14,7.8509e-13
2.1044e-14,7.8142e-13
-1.7752e-13,1.3199e-13
3.4498e-14,7.8589e-13
-1.9313e-13,1.2859e-13
5.0293e-14,7.9147e-13
-2.1281e-13,1.2488e-13
7.0477e-14,7.9899e-13
-2.405e-13,1.2031e-13
9.9675e-14,8.1013e-13
-2.8562e-13,1.1298e-13
1.5869e-13,8.3101e-13
-3.3936e-13,9.1395e-14
3.1389e-13,6.0038e-13
-1.0371e-14,9.8108e-13
-8.4896e-13,-2.1467e-12
2.9525e-13,4.7327e-12
-5.5839e-13,-1.6743e-12
6.1035e-13,3.5593e-13
-3.0331e-13,7.0462e-13
-6.9582e-14,2.3028e-13
-1.057e-13,7.4552e-13
-6.9761e-15,1.9374e-13
-9.4812e-14,7.4671e-13
-6.1348e-14,1.7123e-13
-6.4724e-14,7.5675e-13
-8.9503e-14,1.6028e-13
-4.4487e-14,7.6255e-13
-1.0945e-13,1.5277e-13
-2.8772e-14,7.6682e-13
-1.2519e-13,1.4716e-13
-1.5376e-14,7.7051e-13
-1.3876e-13,1.4267e-13
-3.1302e-15,7.74e-13
-1.5139e-13,1.3883e-13
8.772e-15,7.7756e-13
-1.6401e-13,1.3534e-13
-1.6697e-13,1.3452e-13
2.2595e-14,7.8177e-13
-1.7862e-13,1.3188e-13
3.4109e-14,7.8566e-13
-1.9264e-13,1.2906e-13
4.8177e-14,7.9063e-13
-2.112e-13,1.2567e-13
6.7262e-14,7.9747e-13
-2.3898e-13,1.2064e-13
9.7691e-14,8.0781e-13
-2.9528e-13,1.0793e-13
1.2263e-13,8.3067e-13
-4.2959e-13,3.507e-13
-2.6084e-13,-7.6313e-14
7.4897e-13,3.1014e-12
-4.6611e-13,-3.8261e-12
3.1977e-13,2.6083e-12
-6.9496e-13,5.8264e-13
1.1937e-13,1.9822e-13
-2.913e-14,7.1106e-13
-6.3161e-14,1.6374e-13
-1.0491e-13,7.3983e-13
-6.3672e-14,1.6858e-13
-6.2484e-14,7.5651e-13
-9.1264e-14,1.5863e-13
-4.2625e-14,7.6283e-13
-1.0999e-13,1.5199e-13
-2.8428e-14,7.6686e-13
-1.2414e-13,1.4709e-13
-1.6905e-14,7.7002e-13
-1.3586e-13,1.4324e-13
-6.74e-15,7.7284e-13
-1.4637e-13,1.4002e-13
2.8398e-15,7.7561e-13
-1.565e-13,1.3718e-13
1.2423e-14,7.7851e-13
1.4561e-14,7.7905e-13
-1.6878e-13,1.34e-13
2.3323e-14,7.819e-13
-1.7923e-13,1.3176e-13
3.3614e-14,7.8538e-13
-1.9236e-13,1.2916e-13
4.6857e-14,7.8989e-13
-2.1063e-13,1.256e-13
6.642e-14,7.9628e-13
-2.3969e-13,1.1932e-13
1.0903e-13,8.0927e-13
-2.5713e-13,1.0026e-13
2.1463e-13,5.5896e-13
1.5643e-13,1.0164e-12
-9.6989e-13,-2.1979e-12
3.0232e-13,4.7529e-12
-4.1977e-13,-1.697e-12
4.9576e-13,3.2303e-13
-2.3368e-13,7.309e-13
-1.4149e-13,1.9431e-13
-5.2801e-14,7.6456e-13
-5.3715e-14,1.7194e-13
-6.2862e-14,7.5512e-13
-9.1738e-14,1.5749e-13
-4.2119e-14,7.6233e-13
-1.1007e-13,1.5132e-13
-2.8438e-14,7.6657e-13
-1.2325e-13,1.4695e-13
-1.8025e-14,7.6954e-13
-1.3375e-13,1.4356e-13
-9.2303e-15,7.72e-13
-1.4284e-13,1.4077e-13
-1.218e-15,7.7428e-13
-1.5129e-13,1.3835e-13
6.5568e-15,7.7657e-13
-1.5973e-13,1.3614e-13
-1.6198e-13,1.3538e-13
1.5933e-14,7.794e-13
-1.7001e-13,1.3356e-13
2.3705e-14,7.8193e-13
-1.7965e-13,1.3152e-13
3.326e-14,7.8507e-13
-1.923e-13,1.2889e-13
4.6414e-14,7.8925e-13
-2.1097e-13,1.2476e-13
6.7739e-14,7.9557e-13
-2.5042e-13,1.1401e-13
7.1576e-14,8.127e-13
-3.3962e-13,3.6899e-13
-3.6717e-13,-1.1441e-13
8.513e-13,3.1233e-12
-4.5728e-13,-3.8438e-12
2.2192e-13,2.6123e-12
-6.0711e-13,5.9711e-13
6.2444e-14,1.7332e-13
1.9975e-14,7.2868e-13
-1.1026e-13,1.4265e-13
-7.4767e-14,7.4862e-13
-9.1965e-14,1.5666e-13
-4.2459e-14,7.6141e-13
-1.1025e-13,1.5066e-13
-2.8458e-14,7.6611e-13
-1.2284e-13,1.4664e-13
-1.8628e-14,7.6913e-13
-1.3248e-13,1.4361e-13
-1.0759e-14,7.7141e-13
-1.4053e-13,1.4115e-13
-3.8664e-15,7.7339e-13
-1.4777e-13,1.3905e-13
2.6081e-15,7.7528e-13
-1.5475e-13,1.3717e-13
9.0744e-15,7.7723e-13
1.0706e-14,7.7765e-13
-1.6345e-13,1.3482e-13
1.67e-14,7.7956e-13
-1.7071e-13,1.3319e-13
2.3776e-14,7.8182e-13
-1.7977e-13,1.3121e-13
3.2979e-14,7.8469e-13
-1.9225e-13,1.2837e-13
4.6792e-14,7.8875e-13
-2.1183e-13,1.2339e-13
7.8861e-14,7.9834e-13
-2.0882e-13,1.0736e-13
1.5151e-13,5.3761e-13
2.4973e-13,1.0402e-12
-1.0406e-12,-2.2175e-12
3.0058e-13,4.7586e-12
-3.379e-13,-1.7012e-12
4.2538e-13,3.0934e-13
-1.9009e-13,7.4591e-13
-1.8552e-13,1.7704e-13
-1.8472e-14,7.7658e-13
-8.2065e-14,1.6091e-13
-4.3117e-14,7.6039e-13
-1.1044e-13,1.5017e-13
-2.8543e-14,7.6554e-13
-1.2285e-13,1.4625e-13
-1.8897e-14,7.6871e-13
-1.3185e-13,1.4349e-13
-1.1645e-14,7.7095e-13
-1.3908e-13,1.4131e-13
-5.5786e-15,7.7274e-13
-1.4538e-13,1.3947e-13
-8.283e-17,7.7436e-13
-1.5126e-13,1.3785e-13
5.2356e-15,7.7596e-13
-1.5715e-13,1.3633e-13
-1.5871e-13,1.3573e-13
1.1654e-14,7.7788e-13
-1.6427e-13,1.3441e-13
1.6976e-14,7.7955e-13
-1.7091e-13,1.3288e-13
2.3571e-14,7.8159e-13
-1.7955e-13,1.3085e-13
3.2756e-14,7.8428e-13
-1.9222e-13,1.2764e-13
4.7692e-14,7.8854e-13
-2.2101e-13,1.1884e-13
3.6416e-14,8.0267e-13
-2.8074e-13,3.8267e-13
-4.3826e-13,-1.3749e-13
9.1416e-13,3.135e-12
-4.5117e-13,-3.8482e-12
1.5584e-13,2.6124e-12
-5.4796e-13,6.0605e-13
2.4527e-14,1.5958e-13
5.5042e-14,7.4016e-13
-1.4223e-13,1.3039e-13
-5.3562e-14,7.5486e-13
-1.1104e-13,1.4977e-13
-2.8703e-14,7.6488e-13
-1.2326e-13,1.4585e-13
-1.8882e-14,7.6832e-13
-1.3178e-13,1.4325e-13
-1.2028e-14,7.7057e-13
-1.3834e-13,1.4129e-13
-6.5904e-15,7.7227e-13
-1.4387e-13,1.3968e-13
-1.8609e-15,7.7371e-13
-1.4887e-13,1.3828e-13
2.5632e-15,7.7505e-13
-1.537e-13,1.3699e-13
6.9737e-15,7.7641e-13
8.0059e-15,7.7667e-13
-1.5958e-13,1.3531e-13
1.2033e-14,7.7793e-13
-1.645e-13,1.3411e-13
1.6812e-14,7.7941e-13
-1.706e-13,1.3262e-13
2.3085e-14,7.8126e-13
-1.7895e-13,1.3048e-13
3.2592e-14,7.8396e-13
-1.9195e-13,1.2674e-13
5.6588e-14,7.9152e-13
-1.7477e-13,1.132e-13
1.0439e-13,5.2338e-13
3.1448e-13,1.0578e-12
-1.0904e-12,-2.228e-12
2.9741e-13,4.7593e-12
-2.7959e-13,-1.7013e-12
3.745e-13,3.0108e-13
-1.5805e-13,7.5614e-13
-2.1778e-13,1.6622e-13
7.6347e-15,7.853e-13
-1.0251e-13,1.5398e-13
-2.8345e-14,7.6441e-13
-1.2401e-13,1.4554e-13
-1.8555e-14,7.6797e-13
-1.3225e-13,1.4294e-13
-1.1962e-14,7.7028e-13
-1.3824e-13,1.4115e-13
-7.0263e-15,7.7192e-13
-1.4308e-13,1.3973e-13
-2.9248e-15,7.7324e-13
-1.4733e-13,1.3852e-13
7.7205e-16,7.744e-13
-1.5131e-13,1.3742e-13
4.3392e-15,7.7551e-13
-1.553e-13,1.3638e-13
-1.562e-13,1.3596e-13
8.4361e-15,7.7676e-13
-1.5982e-13,1.3503e-13
1.1892e-14,7.7784e-13
-1.6414e-13,1.3393e-13
1.6203e-14,7.7914e-13
-1.6974e-13,1.3244e-13
2.2255e-14,7.8087e-13
-1.7795e-13,1.3009e-13
3.2051e-14,7.8378e-13
-1.9885e-13,1.2296e-13
8.7904e-15,7.9579e-13
-2.3598e-13,3.9368e-13
-4.9273e-13,-1.5421e-13
9.5979e-13,3.1424e-12
-4.4639e-13,-3.8482e-12
1.0515e-13,2.6112e-12
-5.0264e-13,6.125e-13
-4.4722e-15,1.5018e-13
8.3026e-14,7.486e-13
-1.67e-13,1.2189e-13
-3.67e-14,7.5974e-13
-1.2565e-13,1.4512e-13
-1.7864e-14,7.6769e-13
-1.333e-13,1.4259e-13
-1.1426e-14,7.7009e-13
-1.3874e-13,1.4091e-13
-6.934e-15,7.717e-13
-1.4295e-13,1.3965e-13
-3.3821e-15,7.7292e-13
-1.4652e-13,1.3861e-13
-3.0797e-16,7.7394e-13
-1.4977e-13,1.3769e-13
2.5571e-15,7.7488e-13
-1.5292e-13,1.3683e-13
5.4085e-15,7.7579e-13
5.8646e-15,7.7592e-13
-1.5644e-13,1.3571e-13
8.3101e-15,7.7671e-13
-1.5945e-13,1.3489e-13
1.1227e-14,7.7762e-13
-1.6317e-13,1.3385e-13
1.5082e-14,7.7876e-13
-1.6826e-13,1.3236e-13
2.0979e-14,7.805e-13
-1.7612e-13,1.2971e-13
3.8232e-14,7.8655e-13
-1.477e-13,1.182e-13
6.5505e-14,5.1236e-13
3.6554e-13,1.072e-12
-1.1296e-12,-2.2346e-12
2.94e-13,4.7578e-12
-2.3301e-13,-1.7e-12
3.3347e-13,2.9507e-13
-1.32e-13,7.64e-13
-2.442e-13,1.5831e-13
2.9422e-14,7.9221e-13
-1.1902e-13,1.4894e-13
-1.6086e-14,7.6773e-13
-1.3495e-13,1.4223e-13
-1.0326e-14,7.7004e-13
-1.3988e-13,1.4057e-13
-6.2969e-15,7.7161e-13
-1.4346e-13,1.3945e-13
-3.2755e-15,7.7275e-13
-1.4638e-13,1.3857e-13
-7.7151e-16,7.7366e-13
-1.4895e-13,1.3781e-13
1.4773e-15,7.7444e-13
-1.5138e-13,1.3711e-13
3.6416e-15,7.7518e-13
-1.5382e-13,1.3643e-13
-1.5406e-13,1.362e-13
5.7485e-15,7.759e-13
-1.5605e-13,1.3561e-13
7.6227e-15,7.7652e-13
-1.5842e-13,1.3489e-13
9.9745e-15,7.7726e-13
-1.6149e-13,1.3392e-13
1.3304e-14,7.7828e-13
-1.6603e-13,1.3235e-13
1.8629e-14,7.8014e-13
-1.8039e-13,1.2663e-13
-1.4902e-14,7.9037e-13
-1.983e-13,4.0319e-13
-5.3858e-13,-1.6779e-13
9.9676e-13,3.1475e-12
-4.4226e-13,-3.8463e-12
6.2484e-14,2.6093e-12
-4.6452e-13,6.1767e-13
-2.8905e-14,1.4284e-13
1.0725e-13,7.554e-13
-1.8813e-13,1.1524e-13
-2.2129e-14,7.6383e-13
-1.3796e-13,1.4158e-13
-8.519e-15,7.7013e-13
-1.4177e-13,1.4014e-13
-5.0337e-15,7.7168e-13
-1.4464e-13,1.3915e-13
-2.5914e-15,7.7273e-13
-1.4689e-13,1.3842e-13
-6.566e-16,7.7353e-13
-1.488e-13,1.3781e-13
1.0149e-15,7.7419e-13
-1.5056e-13,1.3726e-13
2.5683e-15,7.7477e-13
-1.5227e-13,1.3674e-13
4.1109e-15,7.7533e-13
4.002e-15,7.7534e-13
-1.5367e-13,1.3613e-13
5.055e-15,7.7575e-13
-1.55e-13,1.3565e-13
6.3164e-15,7.762e-13
-1.5666e-13,1.3504e-13
8.0011e-15,7.7677e-13
-1.5894e-13,1.3414e-13
1.0646e-14,7.7773e-13
-1.6235e-13,1.3247e-13
2.1869e-14,7.8248e-13
-1.2413e-13,1.2273e-13
3.0819e-14,5.0289e-13
4.0969e-13,1.0843e-12
-1.1633e-12,-2.2393e-12
2.9052e-13,4.7549e-12
-1.9245e-13,-1.698e-12
2.9747e-13,2.9016e-13
-1.0912e-13,7.706e-13
-2.6775e-13,1.5186e-13
4.8976e-14,7.981e-13
-1.3357e-13,1.4486e-13
-5.12e-15,7.7067e-13
-1.4457e-13,1.396e-13
-2.98e-15,7.7192e-13
-1.466e-13,1.3872e-13
-1.2592e-15,7.7286e-13
-1.4808e-13,1.3814e-13
4.8105e-17,7.7355e-13
-1.4931e-13,1.3769e-13
1.1352e-15,7.7409e-13
-1.504e-13,1.3729e-13
2.1099e-15,7.7454e-13
-1.5145e-13,1.3691e-13
3.0447e-15,7.7495e-13
-1.5252e-13,1.3654e-13
-1.5212e-13,1.3649e-13
3.3098e-15,7.7522e-13
-1.5261e-13,1.3621e-13
3.7315e-15,7.7546e-13
-1.5321e-13,1.3586e-13
4.2705e-15,7.7572e-13
-1.5401e-13,1.3537e-13
5.0699e-15,7.7613e-13
-1.5524e-13,1.3453e-13
6.2479e-15,7.7705e-13
-1.637e-13,1.3009e-13
-3.6712e-14,7.8565e-13
-1.6393e-13,4.1197e-13
-5.8018e-13,-1.7981e-13
1.0293e-12,3.1514e-12
-4.3839e-13,-3.8429e-12
2.3719e-14,2.6068e-12
-4.2991e-13,6.2219e-13
-5.1149e-14,1.3653e-13
1.2972e-13,7.6131e-13
-2.0761e-13,1.0957e-13
-8.6593e-15,7.675e-13
-1.4922e-13,1.3862e-13
1.1418e-16,7.7239e-13
-1.4951e-13,1.3814e-13
8.6225e-16,7.7319e-13
-1.5005e-13,1.3773e-13
1.4046e-15,7.7373e-13
-1.505e-13,1.3744e-13
1.8483e-15,7.7414e-13
-1.509e-13,1.372e-13
2.2344e-15,7.7447e-13
-1.5129e-13,1.3697e-13
2.5911e-15,7.7474e-13
-1.5169e-13,1.3674e-13
2.9414e-15,7.7499e-13
2.2531e-15,7.749e-13
-1.5105e-13,1.3661e-13
1.9853e-15,7.7496e-13
-1.5081e-13,1.3646e-13
1.6691e-15,7.7501e-13
-1.5053e-13,1.3626e-13
1.2767e-15,7.7507e-13
-1.5018e-13,1.3593e-13
8.0784e-16,7.7531e-13
-1.4944e-13,1.3517e-13
6.2883e-15,7.7883e-13
-1.0199e-13,1.2707e-13
-2.2744e-15,4.9406e-13
4.5087e-13,1.0958e-12
-1.1944e-12,-2.2428e-12
2.8689e-13,4.7509e-12
-1.5447e-13,-1.6953e-12
2.6352e-13,2.8577e-13
-8.7601e-14,7.7661e-13
-2.9031e-13,1.4618e-13
6.769e-14,8.0347e-13
-1.474e-13,1.4129e-13
5.3326e-15,7.7343e-13
-1.5368e-13,1.3735e-13
4.0184e-15,7.7375e-13
-1.5296e-13,1.3717e-13
3.5362e-15,7.7411e-13
-1.5246e-13,1.3707e-13
3.2098e-15,7.7437e-13
-1.5209e-13,1.3698e-13
2.9511e-15,7.7456e-13
-1.5178e-13,1.369e-13
2.7196e-15,7.747e-13
-1.5152e-13,1.3682e-13
2.4924e-15,7.7481e-13
-1.5129e-13,1.3672e-13
-1.5022e-13,1.3687e-13
9.3316e-16,7.7466e-13
-1.4925e-13,1.369e-13
-7.1384e-17,7.7455e-13
-1.4813e-13,1.3691e-13
-1.3171e-15,7.7438e-13
-1.4671e-13,1.369e-13
-3.0119e-15,7.742e-13
-1.4474e-13,1.3675e-13
-5.9142e-15,7.7422e-13
-1.4747e-13,1.3354e-13
-5.8112e-14,7.812e-13
-1.3027e-13,4.2063e-13
-6.2056e-13,-1.9123e-13
1.0602e-12,3.1544e-12
-4.3448e-13,-3.8383e-12
-1.3985e-14,2.6037e-12
-3.9628e-13,6.2645e-13
-7.2841e-14,1.3066e-13
1.519e-13,7.6684e-13
-2.2689e-13,1.0437e-13
4.5801e-15,7.7102e-13
-1.6029e-13,1.3596e-13
8.5904e-15,7.7462e-13
-1.5711e-13,1.3638e-13
6.6514e-15,7.7472e-13
-1.5535e-13,1.3653e-13
5.3298e-15,7.7479e-13
-1.5404e-13,1.3664e-13
4.3115e-15,7.7482e-13
-1.5296e-13,1.3672e-13
3.4389e-15,7.7482e-13
-1.5201e-13,1.3678e-13
2.6247e-15,7.748e-13
-1.5112e-13,1.3683e-13
1.8083e-15,7.7475e-13
4.9312e-16,7.7454e-13
-1.4841e-13,1.3719e-13
-1.1126e-15,7.7428e-13
-1.4658e-13,1.3739e-13
-3.0276e-15,7.7395e-13
-1.4434e-13,1.376e-13
-5.5259e-15,7.7353e-13
-1.4135e-13,1.3784e-13
-9.1514e-15,7.7305e-13
-1.3642e-13,1.3798e-13
-9.4887e-15,7.7531e-13
-7.9675e-14,1.3151e-13
-3.5925e-14,4.8522e-13
4.9205e-13,1.1071e-12
-1.2248e-12,-2.2455e-12
2.8295e-13,4.7455e-12
-1.1645e-13,-1.6918e-12
2.2928e-13,2.8155e-13
-6.6066e-14,7.8248e-13
-3.1342e-13,1.4081e-13
8.6726e-14,8.0871e-13
-1.6151e-13,1.3794e-13
1.5905e-14,7.7621e-13
-1.6295e-13,1.353e-13
1.1097e-14,7.7564e-13
-1.5943e-13,1.3579e-13
8.3921e-15,7.7544e-13
-1.5691e-13,1.3615e-13
6.4173e-15,7.7528e-13
-1.5491e-13,1.3642e-13
4.7989e-15,7.7512e-13
-1.5319e-13,1.3663e-13
3.3473e-15,7.7495e-13
-1.516e-13,1.3683e-13
1.9442e-15,7.7476e-13
-1.5005e-13,1.3701e-13
